2022/06/09-23:08:58.694614 7f96ff96af80 RocksDB version: 6.12.7
2022/06/09-23:08:58.694737 7f96ff96af80 Git sha rocksdb_build_git_sha:@0@
2022/06/09-23:08:58.694741 7f96ff96af80 Compile date Jan  1 1980
2022/06/09-23:08:58.694779 7f96ff96af80 DB SUMMARY
2022/06/09-23:08:58.694780 7f96ff96af80 DB Session ID:  B8RVR8AGIMQ0B30NUV46
2022/06/09-23:08:58.694817 7f96ff96af80 CURRENT file:  CURRENT
2022/06/09-23:08:58.694818 7f96ff96af80 IDENTITY file:  IDENTITY
2022/06/09-23:08:58.694822 7f96ff96af80 MANIFEST file:  MANIFEST-000067 size: 9943 Bytes
2022/06/09-23:08:58.694824 7f96ff96af80 SST files in /home/hoangkha/Motoko-Training/.dfx/state/replicated_state/node-100/ic_consensus_pool/consensus dir, Total Num: 12, files: 000085.sst 000087.sst 000089.sst 000091.sst 000093.sst 000095.sst 000097.sst 000099.sst 000101.sst 
2022/06/09-23:08:58.694827 7f96ff96af80 Write Ahead Log file in /home/hoangkha/Motoko-Training/.dfx/state/replicated_state/node-100/ic_consensus_pool/consensus: 000083.log size: 14959844 ; 
2022/06/09-23:08:58.694828 7f96ff96af80                         Options.error_if_exists: 0
2022/06/09-23:08:58.694828 7f96ff96af80                       Options.create_if_missing: 1
2022/06/09-23:08:58.694831 7f96ff96af80                         Options.paranoid_checks: 1
2022/06/09-23:08:58.694831 7f96ff96af80                                     Options.env: 0x55ba8807c8e0
2022/06/09-23:08:58.694832 7f96ff96af80                                      Options.fs: Posix File System
2022/06/09-23:08:58.694834 7f96ff96af80                                Options.info_log: 0x7f96ff45ea30
2022/06/09-23:08:58.694835 7f96ff96af80                Options.max_file_opening_threads: 16
2022/06/09-23:08:58.694836 7f96ff96af80                              Options.statistics: (nil)
2022/06/09-23:08:58.694836 7f96ff96af80                               Options.use_fsync: 1
2022/06/09-23:08:58.694837 7f96ff96af80                       Options.max_log_file_size: 0
2022/06/09-23:08:58.694838 7f96ff96af80                  Options.max_manifest_file_size: 1073741824
2022/06/09-23:08:58.694840 7f96ff96af80                   Options.log_file_time_to_roll: 0
2022/06/09-23:08:58.694840 7f96ff96af80                       Options.keep_log_file_num: 1000
2022/06/09-23:08:58.694841 7f96ff96af80                    Options.recycle_log_file_num: 0
2022/06/09-23:08:58.694841 7f96ff96af80                         Options.allow_fallocate: 1
2022/06/09-23:08:58.694842 7f96ff96af80                        Options.allow_mmap_reads: 0
2022/06/09-23:08:58.694843 7f96ff96af80                       Options.allow_mmap_writes: 0
2022/06/09-23:08:58.694844 7f96ff96af80                        Options.use_direct_reads: 0
2022/06/09-23:08:58.694845 7f96ff96af80                        Options.use_direct_io_for_flush_and_compaction: 0
2022/06/09-23:08:58.694846 7f96ff96af80          Options.create_missing_column_families: 1
2022/06/09-23:08:58.694846 7f96ff96af80                              Options.db_log_dir: 
2022/06/09-23:08:58.694847 7f96ff96af80                                 Options.wal_dir: /home/hoangkha/Motoko-Training/.dfx/state/replicated_state/node-100/ic_consensus_pool/consensus
2022/06/09-23:08:58.694847 7f96ff96af80                Options.table_cache_numshardbits: 6
2022/06/09-23:08:58.694849 7f96ff96af80                         Options.WAL_ttl_seconds: 0
2022/06/09-23:08:58.694850 7f96ff96af80                       Options.WAL_size_limit_MB: 0
2022/06/09-23:08:58.694851 7f96ff96af80                        Options.max_write_batch_group_size_bytes: 1048576
2022/06/09-23:08:58.694851 7f96ff96af80             Options.manifest_preallocation_size: 4194304
2022/06/09-23:08:58.694853 7f96ff96af80                     Options.is_fd_close_on_exec: 1
2022/06/09-23:08:58.694854 7f96ff96af80                   Options.advise_random_on_open: 1
2022/06/09-23:08:58.694854 7f96ff96af80                    Options.db_write_buffer_size: 0
2022/06/09-23:08:58.694855 7f96ff96af80                    Options.write_buffer_manager: 0x7f96ff4abb00
2022/06/09-23:08:58.694856 7f96ff96af80         Options.access_hint_on_compaction_start: 1
2022/06/09-23:08:58.694856 7f96ff96af80  Options.new_table_reader_for_compaction_inputs: 0
2022/06/09-23:08:58.694865 7f96ff96af80           Options.random_access_max_buffer_size: 1048576
2022/06/09-23:08:58.694866 7f96ff96af80                      Options.use_adaptive_mutex: 0
2022/06/09-23:08:58.694867 7f96ff96af80                            Options.rate_limiter: (nil)
2022/06/09-23:08:58.694868 7f96ff96af80     Options.sst_file_manager.rate_bytes_per_sec: 0
2022/06/09-23:08:58.694868 7f96ff96af80                       Options.wal_recovery_mode: 2
2022/06/09-23:08:58.694869 7f96ff96af80                  Options.enable_thread_tracking: 0
2022/06/09-23:08:58.694869 7f96ff96af80                  Options.enable_pipelined_write: 0
2022/06/09-23:08:58.694870 7f96ff96af80                  Options.unordered_write: 0
2022/06/09-23:08:58.694871 7f96ff96af80         Options.allow_concurrent_memtable_write: 1
2022/06/09-23:08:58.694871 7f96ff96af80      Options.enable_write_thread_adaptive_yield: 1
2022/06/09-23:08:58.694872 7f96ff96af80             Options.write_thread_max_yield_usec: 100
2022/06/09-23:08:58.694872 7f96ff96af80            Options.write_thread_slow_yield_usec: 3
2022/06/09-23:08:58.694873 7f96ff96af80                               Options.row_cache: None
2022/06/09-23:08:58.694873 7f96ff96af80                              Options.wal_filter: None
2022/06/09-23:08:58.694874 7f96ff96af80             Options.avoid_flush_during_recovery: 0
2022/06/09-23:08:58.694875 7f96ff96af80             Options.allow_ingest_behind: 0
2022/06/09-23:08:58.694875 7f96ff96af80             Options.preserve_deletes: 0
2022/06/09-23:08:58.694876 7f96ff96af80             Options.two_write_queues: 0
2022/06/09-23:08:58.694876 7f96ff96af80             Options.manual_wal_flush: 0
2022/06/09-23:08:58.694877 7f96ff96af80             Options.atomic_flush: 0
2022/06/09-23:08:58.694877 7f96ff96af80             Options.avoid_unnecessary_blocking_io: 0
2022/06/09-23:08:58.694878 7f96ff96af80                 Options.persist_stats_to_disk: 0
2022/06/09-23:08:58.694878 7f96ff96af80                 Options.write_dbid_to_manifest: 0
2022/06/09-23:08:58.694879 7f96ff96af80                 Options.log_readahead_size: 0
2022/06/09-23:08:58.694880 7f96ff96af80                 Options.file_checksum_gen_factory: Unknown
2022/06/09-23:08:58.694880 7f96ff96af80                 Options.best_efforts_recovery: 0
2022/06/09-23:08:58.694881 7f96ff96af80                Options.max_bgerror_resume_count: 2147483647
2022/06/09-23:08:58.694881 7f96ff96af80            Options.bgerror_resume_retry_interval: 1000000
2022/06/09-23:08:58.694882 7f96ff96af80             Options.max_background_jobs: 2
2022/06/09-23:08:58.694883 7f96ff96af80             Options.max_background_compactions: -1
2022/06/09-23:08:58.694883 7f96ff96af80             Options.max_subcompactions: 1
2022/06/09-23:08:58.694884 7f96ff96af80             Options.avoid_flush_during_shutdown: 0
2022/06/09-23:08:58.694884 7f96ff96af80           Options.writable_file_max_buffer_size: 1048576
2022/06/09-23:08:58.694885 7f96ff96af80             Options.delayed_write_rate : 16777216
2022/06/09-23:08:58.694885 7f96ff96af80             Options.max_total_wal_size: 0
2022/06/09-23:08:58.694886 7f96ff96af80             Options.delete_obsolete_files_period_micros: 21600000000
2022/06/09-23:08:58.694887 7f96ff96af80                   Options.stats_dump_period_sec: 600
2022/06/09-23:08:58.694887 7f96ff96af80                 Options.stats_persist_period_sec: 600
2022/06/09-23:08:58.694888 7f96ff96af80                 Options.stats_history_buffer_size: 1048576
2022/06/09-23:08:58.694888 7f96ff96af80                          Options.max_open_files: -1
2022/06/09-23:08:58.694889 7f96ff96af80                          Options.bytes_per_sync: 0
2022/06/09-23:08:58.694889 7f96ff96af80                      Options.wal_bytes_per_sync: 0
2022/06/09-23:08:58.694890 7f96ff96af80                   Options.strict_bytes_per_sync: 0
2022/06/09-23:08:58.694890 7f96ff96af80       Options.compaction_readahead_size: 0
2022/06/09-23:08:58.694891 7f96ff96af80                  Options.max_background_flushes: -1
2022/06/09-23:08:58.694895 7f96ff96af80 Compression algorithms supported:
2022/06/09-23:08:58.694896 7f96ff96af80 	kZSTDNotFinalCompression supported: 1
2022/06/09-23:08:58.694899 7f96ff96af80 	kZSTD supported: 1
2022/06/09-23:08:58.694900 7f96ff96af80 	kXpressCompression supported: 0
2022/06/09-23:08:58.694901 7f96ff96af80 	kLZ4HCCompression supported: 1
2022/06/09-23:08:58.694901 7f96ff96af80 	kLZ4Compression supported: 1
2022/06/09-23:08:58.694902 7f96ff96af80 	kBZip2Compression supported: 1
2022/06/09-23:08:58.694903 7f96ff96af80 	kZlibCompression supported: 1
2022/06/09-23:08:58.694903 7f96ff96af80 	kSnappyCompression supported: 1
2022/06/09-23:08:58.694906 7f96ff96af80 Fast CRC32 supported: Supported on x86
2022/06/09-23:08:58.695002 7f96ff96af80 [db/version_set.cc:4559] Recovering from manifest file: /home/hoangkha/Motoko-Training/.dfx/state/replicated_state/node-100/ic_consensus_pool/consensus/MANIFEST-000067
2022/06/09-23:08:58.695086 7f96ff96af80 [db/column_family.cc:578] --------------- Options for column family [default]:
2022/06/09-23:08:58.695088 7f96ff96af80               Options.comparator: leveldb.BytewiseComparator
2022/06/09-23:08:58.695090 7f96ff96af80           Options.merge_operator: None
2022/06/09-23:08:58.695091 7f96ff96af80        Options.compaction_filter: None
2022/06/09-23:08:58.695092 7f96ff96af80        Options.compaction_filter_factory: None
2022/06/09-23:08:58.695092 7f96ff96af80  Options.sst_partitioner_factory: None
2022/06/09-23:08:58.695093 7f96ff96af80         Options.memtable_factory: SkipListFactory
2022/06/09-23:08:58.695094 7f96ff96af80            Options.table_factory: BlockBasedTable
2022/06/09-23:08:58.695118 7f96ff96af80            table_factory options:   flush_block_policy_factory: FlushBlockBySizePolicyFactory (0x7f96ff4475e8)
  cache_index_and_filter_blocks: 0
  cache_index_and_filter_blocks_with_high_priority: 1
  pin_l0_filter_and_index_blocks_in_cache: 0
  pin_top_level_index_and_filter: 1
  index_type: 0
  data_block_index_type: 0
  index_shortening: 1
  data_block_hash_table_util_ratio: 0.750000
  hash_index_allow_collision: 1
  checksum: 1
  no_block_cache: 0
  block_cache: 0x7f96ff58fd10
  block_cache_name: LRUCache
  block_cache_options:
    capacity : 8388608
    num_shard_bits : 4
    strict_capacity_limit : 0
    memory_allocator : None
    high_pri_pool_ratio: 0.000
  block_cache_compressed: (nil)
  persistent_cache: (nil)
  block_size: 4096
  block_size_deviation: 10
  block_restart_interval: 16
  index_block_restart_interval: 1
  metadata_block_size: 4096
  partition_filters: 0
  use_delta_encoding: 1
  filter_policy: nullptr
  whole_key_filtering: 1
  verify_compression: 0
  read_amp_bytes_per_bit: 0
  format_version: 4
  enable_index_compression: 1
  block_align: 0
2022/06/09-23:08:58.695122 7f96ff96af80        Options.write_buffer_size: 67108864
2022/06/09-23:08:58.695122 7f96ff96af80  Options.max_write_buffer_number: 2
2022/06/09-23:08:58.695125 7f96ff96af80          Options.compression: Snappy
2022/06/09-23:08:58.695125 7f96ff96af80                  Options.bottommost_compression: Disabled
2022/06/09-23:08:58.695126 7f96ff96af80       Options.prefix_extractor: nullptr
2022/06/09-23:08:58.695127 7f96ff96af80   Options.memtable_insert_with_hint_prefix_extractor: nullptr
2022/06/09-23:08:58.695129 7f96ff96af80             Options.num_levels: 7
2022/06/09-23:08:58.695129 7f96ff96af80        Options.min_write_buffer_number_to_merge: 1
2022/06/09-23:08:58.695130 7f96ff96af80     Options.max_write_buffer_number_to_maintain: 0
2022/06/09-23:08:58.695130 7f96ff96af80     Options.max_write_buffer_size_to_maintain: 0
2022/06/09-23:08:58.695131 7f96ff96af80            Options.bottommost_compression_opts.window_bits: -14
2022/06/09-23:08:58.695133 7f96ff96af80                  Options.bottommost_compression_opts.level: 32767
2022/06/09-23:08:58.695134 7f96ff96af80               Options.bottommost_compression_opts.strategy: 0
2022/06/09-23:08:58.695134 7f96ff96af80         Options.bottommost_compression_opts.max_dict_bytes: 0
2022/06/09-23:08:58.695146 7f96ff96af80         Options.bottommost_compression_opts.zstd_max_train_bytes: 0
2022/06/09-23:08:58.695148 7f96ff96af80         Options.bottommost_compression_opts.parallel_threads: 1
2022/06/09-23:08:58.695148 7f96ff96af80                  Options.bottommost_compression_opts.enabled: false
2022/06/09-23:08:58.695149 7f96ff96af80            Options.compression_opts.window_bits: -14
2022/06/09-23:08:58.695151 7f96ff96af80                  Options.compression_opts.level: 32767
2022/06/09-23:08:58.695151 7f96ff96af80               Options.compression_opts.strategy: 0
2022/06/09-23:08:58.695152 7f96ff96af80         Options.compression_opts.max_dict_bytes: 0
2022/06/09-23:08:58.695153 7f96ff96af80         Options.compression_opts.zstd_max_train_bytes: 0
2022/06/09-23:08:58.695153 7f96ff96af80         Options.compression_opts.parallel_threads: 1
2022/06/09-23:08:58.695154 7f96ff96af80                  Options.compression_opts.enabled: false
2022/06/09-23:08:58.695154 7f96ff96af80      Options.level0_file_num_compaction_trigger: 4
2022/06/09-23:08:58.695156 7f96ff96af80          Options.level0_slowdown_writes_trigger: 20
2022/06/09-23:08:58.695157 7f96ff96af80              Options.level0_stop_writes_trigger: 36
2022/06/09-23:08:58.695157 7f96ff96af80                   Options.target_file_size_base: 67108864
2022/06/09-23:08:58.695158 7f96ff96af80             Options.target_file_size_multiplier: 1
2022/06/09-23:08:58.695158 7f96ff96af80                Options.max_bytes_for_level_base: 268435456
2022/06/09-23:08:58.695161 7f96ff96af80 Options.level_compaction_dynamic_level_bytes: 0
2022/06/09-23:08:58.695161 7f96ff96af80          Options.max_bytes_for_level_multiplier: 10.000000
2022/06/09-23:08:58.695163 7f96ff96af80 Options.max_bytes_for_level_multiplier_addtl[0]: 1
2022/06/09-23:08:58.695163 7f96ff96af80 Options.max_bytes_for_level_multiplier_addtl[1]: 1
2022/06/09-23:08:58.695164 7f96ff96af80 Options.max_bytes_for_level_multiplier_addtl[2]: 1
2022/06/09-23:08:58.695165 7f96ff96af80 Options.max_bytes_for_level_multiplier_addtl[3]: 1
2022/06/09-23:08:58.695165 7f96ff96af80 Options.max_bytes_for_level_multiplier_addtl[4]: 1
2022/06/09-23:08:58.695166 7f96ff96af80 Options.max_bytes_for_level_multiplier_addtl[5]: 1
2022/06/09-23:08:58.695166 7f96ff96af80 Options.max_bytes_for_level_multiplier_addtl[6]: 1
2022/06/09-23:08:58.695167 7f96ff96af80       Options.max_sequential_skip_in_iterations: 8
2022/06/09-23:08:58.695167 7f96ff96af80                    Options.max_compaction_bytes: 1677721600
2022/06/09-23:08:58.695168 7f96ff96af80                        Options.arena_block_size: 8388608
2022/06/09-23:08:58.695169 7f96ff96af80   Options.soft_pending_compaction_bytes_limit: 68719476736
2022/06/09-23:08:58.695169 7f96ff96af80   Options.hard_pending_compaction_bytes_limit: 274877906944
2022/06/09-23:08:58.695170 7f96ff96af80       Options.rate_limit_delay_max_milliseconds: 100
2022/06/09-23:08:58.695170 7f96ff96af80                Options.disable_auto_compactions: 0
2022/06/09-23:08:58.695171 7f96ff96af80                        Options.compaction_style: kCompactionStyleLevel
2022/06/09-23:08:58.695172 7f96ff96af80                          Options.compaction_pri: kMinOverlappingRatio
2022/06/09-23:08:58.695173 7f96ff96af80 Options.compaction_options_universal.size_ratio: 1
2022/06/09-23:08:58.695173 7f96ff96af80 Options.compaction_options_universal.min_merge_width: 2
2022/06/09-23:08:58.695174 7f96ff96af80 Options.compaction_options_universal.max_merge_width: 4294967295
2022/06/09-23:08:58.695176 7f96ff96af80 Options.compaction_options_universal.max_size_amplification_percent: 200
2022/06/09-23:08:58.695176 7f96ff96af80 Options.compaction_options_universal.compression_size_percent: -1
2022/06/09-23:08:58.695177 7f96ff96af80 Options.compaction_options_universal.stop_style: kCompactionStopStyleTotalSize
2022/06/09-23:08:58.695178 7f96ff96af80 Options.compaction_options_fifo.max_table_files_size: 1073741824
2022/06/09-23:08:58.695178 7f96ff96af80 Options.compaction_options_fifo.allow_compaction: 0
2022/06/09-23:08:58.695183 7f96ff96af80                   Options.table_properties_collectors: 
2022/06/09-23:08:58.695221 7f96ff96af80                   Options.inplace_update_support: 0
2022/06/09-23:08:58.695225 7f96ff96af80                 Options.inplace_update_num_locks: 10000
2022/06/09-23:08:58.695226 7f96ff96af80               Options.memtable_prefix_bloom_size_ratio: 0.000000
2022/06/09-23:08:58.695229 7f96ff96af80               Options.memtable_whole_key_filtering: 0
2022/06/09-23:08:58.695230 7f96ff96af80   Options.memtable_huge_page_size: 0
2022/06/09-23:08:58.695230 7f96ff96af80                           Options.bloom_locality: 0
2022/06/09-23:08:58.695231 7f96ff96af80                    Options.max_successive_merges: 0
2022/06/09-23:08:58.695233 7f96ff96af80                Options.optimize_filters_for_hits: 0
2022/06/09-23:08:58.695233 7f96ff96af80                Options.paranoid_file_checks: 0
2022/06/09-23:08:58.695234 7f96ff96af80                Options.force_consistency_checks: 0
2022/06/09-23:08:58.695235 7f96ff96af80                Options.report_bg_io_stats: 0
2022/06/09-23:08:58.695238 7f96ff96af80                               Options.ttl: 2592000
2022/06/09-23:08:58.695238 7f96ff96af80          Options.periodic_compaction_seconds: 0
2022/06/09-23:08:58.695387 7f96ff96af80 [db/column_family.cc:578] --------------- Options for column family [RB]:
2022/06/09-23:08:58.695390 7f96ff96af80               Options.comparator: leveldb.BytewiseComparator
2022/06/09-23:08:58.695393 7f96ff96af80           Options.merge_operator: None
2022/06/09-23:08:58.695394 7f96ff96af80        Options.compaction_filter: filter_outdated
2022/06/09-23:08:58.695395 7f96ff96af80        Options.compaction_filter_factory: None
2022/06/09-23:08:58.695395 7f96ff96af80  Options.sst_partitioner_factory: None
2022/06/09-23:08:58.695397 7f96ff96af80         Options.memtable_factory: SkipListFactory
2022/06/09-23:08:58.695398 7f96ff96af80            Options.table_factory: BlockBasedTable
2022/06/09-23:08:58.695415 7f96ff96af80            table_factory options:   flush_block_policy_factory: FlushBlockBySizePolicyFactory (0x7f96ff4474c0)
  cache_index_and_filter_blocks: 0
  cache_index_and_filter_blocks_with_high_priority: 1
  pin_l0_filter_and_index_blocks_in_cache: 0
  pin_top_level_index_and_filter: 1
  index_type: 0
  data_block_index_type: 0
  index_shortening: 1
  data_block_hash_table_util_ratio: 0.750000
  hash_index_allow_collision: 1
  checksum: 1
  no_block_cache: 0
  block_cache: 0x7f96ff493710
  block_cache_name: LRUCache
  block_cache_options:
    capacity : 8388608
    num_shard_bits : 4
    strict_capacity_limit : 0
    memory_allocator : None
    high_pri_pool_ratio: 0.000
  block_cache_compressed: (nil)
  persistent_cache: (nil)
  block_size: 4096
  block_size_deviation: 10
  block_restart_interval: 16
  index_block_restart_interval: 1
  metadata_block_size: 4096
  partition_filters: 0
  use_delta_encoding: 1
  filter_policy: nullptr
  whole_key_filtering: 1
  verify_compression: 0
  read_amp_bytes_per_bit: 0
  format_version: 4
  enable_index_compression: 1
  block_align: 0
2022/06/09-23:08:58.695418 7f96ff96af80        Options.write_buffer_size: 67108864
2022/06/09-23:08:58.695420 7f96ff96af80  Options.max_write_buffer_number: 2
2022/06/09-23:08:58.695421 7f96ff96af80          Options.compression: NoCompression
2022/06/09-23:08:58.695421 7f96ff96af80                  Options.bottommost_compression: Disabled
2022/06/09-23:08:58.695422 7f96ff96af80       Options.prefix_extractor: nullptr
2022/06/09-23:08:58.695422 7f96ff96af80   Options.memtable_insert_with_hint_prefix_extractor: nullptr
2022/06/09-23:08:58.695424 7f96ff96af80             Options.num_levels: 7
2022/06/09-23:08:58.695425 7f96ff96af80        Options.min_write_buffer_number_to_merge: 1
2022/06/09-23:08:58.695425 7f96ff96af80     Options.max_write_buffer_number_to_maintain: 0
2022/06/09-23:08:58.695426 7f96ff96af80     Options.max_write_buffer_size_to_maintain: 0
2022/06/09-23:08:58.695427 7f96ff96af80            Options.bottommost_compression_opts.window_bits: -14
2022/06/09-23:08:58.695438 7f96ff96af80                  Options.bottommost_compression_opts.level: 32767
2022/06/09-23:08:58.695439 7f96ff96af80               Options.bottommost_compression_opts.strategy: 0
2022/06/09-23:08:58.695440 7f96ff96af80         Options.bottommost_compression_opts.max_dict_bytes: 0
2022/06/09-23:08:58.695440 7f96ff96af80         Options.bottommost_compression_opts.zstd_max_train_bytes: 0
2022/06/09-23:08:58.695442 7f96ff96af80         Options.bottommost_compression_opts.parallel_threads: 1
2022/06/09-23:08:58.695443 7f96ff96af80                  Options.bottommost_compression_opts.enabled: false
2022/06/09-23:08:58.695444 7f96ff96af80            Options.compression_opts.window_bits: -14
2022/06/09-23:08:58.695444 7f96ff96af80                  Options.compression_opts.level: 32767
2022/06/09-23:08:58.695445 7f96ff96af80               Options.compression_opts.strategy: 0
2022/06/09-23:08:58.695445 7f96ff96af80         Options.compression_opts.max_dict_bytes: 0
2022/06/09-23:08:58.695447 7f96ff96af80         Options.compression_opts.zstd_max_train_bytes: 0
2022/06/09-23:08:58.695448 7f96ff96af80         Options.compression_opts.parallel_threads: 1
2022/06/09-23:08:58.695449 7f96ff96af80                  Options.compression_opts.enabled: false
2022/06/09-23:08:58.695449 7f96ff96af80      Options.level0_file_num_compaction_trigger: 4
2022/06/09-23:08:58.695450 7f96ff96af80          Options.level0_slowdown_writes_trigger: 20
2022/06/09-23:08:58.695452 7f96ff96af80              Options.level0_stop_writes_trigger: 36
2022/06/09-23:08:58.695452 7f96ff96af80                   Options.target_file_size_base: 67108864
2022/06/09-23:08:58.695453 7f96ff96af80             Options.target_file_size_multiplier: 1
2022/06/09-23:08:58.695453 7f96ff96af80                Options.max_bytes_for_level_base: 268435456
2022/06/09-23:08:58.695454 7f96ff96af80 Options.level_compaction_dynamic_level_bytes: 0
2022/06/09-23:08:58.695455 7f96ff96af80          Options.max_bytes_for_level_multiplier: 10.000000
2022/06/09-23:08:58.695457 7f96ff96af80 Options.max_bytes_for_level_multiplier_addtl[0]: 1
2022/06/09-23:08:58.695458 7f96ff96af80 Options.max_bytes_for_level_multiplier_addtl[1]: 1
2022/06/09-23:08:58.695458 7f96ff96af80 Options.max_bytes_for_level_multiplier_addtl[2]: 1
2022/06/09-23:08:58.695459 7f96ff96af80 Options.max_bytes_for_level_multiplier_addtl[3]: 1
2022/06/09-23:08:58.695461 7f96ff96af80 Options.max_bytes_for_level_multiplier_addtl[4]: 1
2022/06/09-23:08:58.695462 7f96ff96af80 Options.max_bytes_for_level_multiplier_addtl[5]: 1
2022/06/09-23:08:58.695462 7f96ff96af80 Options.max_bytes_for_level_multiplier_addtl[6]: 1
2022/06/09-23:08:58.695463 7f96ff96af80       Options.max_sequential_skip_in_iterations: 8
2022/06/09-23:08:58.695463 7f96ff96af80                    Options.max_compaction_bytes: 1677721600
2022/06/09-23:08:58.695464 7f96ff96af80                        Options.arena_block_size: 8388608
2022/06/09-23:08:58.695464 7f96ff96af80   Options.soft_pending_compaction_bytes_limit: 68719476736
2022/06/09-23:08:58.695465 7f96ff96af80   Options.hard_pending_compaction_bytes_limit: 274877906944
2022/06/09-23:08:58.695465 7f96ff96af80       Options.rate_limit_delay_max_milliseconds: 100
2022/06/09-23:08:58.695466 7f96ff96af80                Options.disable_auto_compactions: 1
2022/06/09-23:08:58.695468 7f96ff96af80                        Options.compaction_style: kCompactionStyleLevel
2022/06/09-23:08:58.695469 7f96ff96af80                          Options.compaction_pri: kMinOverlappingRatio
2022/06/09-23:08:58.695470 7f96ff96af80 Options.compaction_options_universal.size_ratio: 1
2022/06/09-23:08:58.695470 7f96ff96af80 Options.compaction_options_universal.min_merge_width: 2
2022/06/09-23:08:58.695471 7f96ff96af80 Options.compaction_options_universal.max_merge_width: 4294967295
2022/06/09-23:08:58.695473 7f96ff96af80 Options.compaction_options_universal.max_size_amplification_percent: 200
2022/06/09-23:08:58.695473 7f96ff96af80 Options.compaction_options_universal.compression_size_percent: -1
2022/06/09-23:08:58.695474 7f96ff96af80 Options.compaction_options_universal.stop_style: kCompactionStopStyleTotalSize
2022/06/09-23:08:58.695482 7f96ff96af80 Options.compaction_options_fifo.max_table_files_size: 1073741824
2022/06/09-23:08:58.695483 7f96ff96af80 Options.compaction_options_fifo.allow_compaction: 0
2022/06/09-23:08:58.695486 7f96ff96af80                   Options.table_properties_collectors: 
2022/06/09-23:08:58.695487 7f96ff96af80                   Options.inplace_update_support: 0
2022/06/09-23:08:58.695487 7f96ff96af80                 Options.inplace_update_num_locks: 10000
2022/06/09-23:08:58.695489 7f96ff96af80               Options.memtable_prefix_bloom_size_ratio: 0.000000
2022/06/09-23:08:58.695490 7f96ff96af80               Options.memtable_whole_key_filtering: 0
2022/06/09-23:08:58.695491 7f96ff96af80   Options.memtable_huge_page_size: 0
2022/06/09-23:08:58.695491 7f96ff96af80                           Options.bloom_locality: 0
2022/06/09-23:08:58.695492 7f96ff96af80                    Options.max_successive_merges: 0
2022/06/09-23:08:58.695493 7f96ff96af80                Options.optimize_filters_for_hits: 0
2022/06/09-23:08:58.695494 7f96ff96af80                Options.paranoid_file_checks: 0
2022/06/09-23:08:58.695495 7f96ff96af80                Options.force_consistency_checks: 0
2022/06/09-23:08:58.695496 7f96ff96af80                Options.report_bg_io_stats: 0
2022/06/09-23:08:58.695496 7f96ff96af80                               Options.ttl: 2592000
2022/06/09-23:08:58.695497 7f96ff96af80          Options.periodic_compaction_seconds: 2592000
2022/06/09-23:08:58.695527 7f96ff96af80 [db/column_family.cc:578] --------------- Options for column family [FZ]:
2022/06/09-23:08:58.695530 7f96ff96af80               Options.comparator: leveldb.BytewiseComparator
2022/06/09-23:08:58.695530 7f96ff96af80           Options.merge_operator: None
2022/06/09-23:08:58.695531 7f96ff96af80        Options.compaction_filter: filter_outdated
2022/06/09-23:08:58.695532 7f96ff96af80        Options.compaction_filter_factory: None
2022/06/09-23:08:58.695534 7f96ff96af80  Options.sst_partitioner_factory: None
2022/06/09-23:08:58.695534 7f96ff96af80         Options.memtable_factory: SkipListFactory
2022/06/09-23:08:58.695535 7f96ff96af80            Options.table_factory: BlockBasedTable
2022/06/09-23:08:58.695544 7f96ff96af80            table_factory options:   flush_block_policy_factory: FlushBlockBySizePolicyFactory (0x7f96ff4474d8)
  cache_index_and_filter_blocks: 0
  cache_index_and_filter_blocks_with_high_priority: 1
  pin_l0_filter_and_index_blocks_in_cache: 0
  pin_top_level_index_and_filter: 1
  index_type: 0
  data_block_index_type: 0
  index_shortening: 1
  data_block_hash_table_util_ratio: 0.750000
  hash_index_allow_collision: 1
  checksum: 1
  no_block_cache: 0
  block_cache: 0x7f96ff493f90
  block_cache_name: LRUCache
  block_cache_options:
    capacity : 8388608
    num_shard_bits : 4
    strict_capacity_limit : 0
    memory_allocator : None
    high_pri_pool_ratio: 0.000
  block_cache_compressed: (nil)
  persistent_cache: (nil)
  block_size: 4096
  block_size_deviation: 10
  block_restart_interval: 16
  index_block_restart_interval: 1
  metadata_block_size: 4096
  partition_filters: 0
  use_delta_encoding: 1
  filter_policy: nullptr
  whole_key_filtering: 1
  verify_compression: 0
  read_amp_bytes_per_bit: 0
  format_version: 4
  enable_index_compression: 1
  block_align: 0
2022/06/09-23:08:58.695545 7f96ff96af80        Options.write_buffer_size: 67108864
2022/06/09-23:08:58.695546 7f96ff96af80  Options.max_write_buffer_number: 2
2022/06/09-23:08:58.695546 7f96ff96af80          Options.compression: NoCompression
2022/06/09-23:08:58.695547 7f96ff96af80                  Options.bottommost_compression: Disabled
2022/06/09-23:08:58.695548 7f96ff96af80       Options.prefix_extractor: nullptr
2022/06/09-23:08:58.695548 7f96ff96af80   Options.memtable_insert_with_hint_prefix_extractor: nullptr
2022/06/09-23:08:58.695549 7f96ff96af80             Options.num_levels: 7
2022/06/09-23:08:58.695549 7f96ff96af80        Options.min_write_buffer_number_to_merge: 1
2022/06/09-23:08:58.695555 7f96ff96af80     Options.max_write_buffer_number_to_maintain: 0
2022/06/09-23:08:58.695558 7f96ff96af80     Options.max_write_buffer_size_to_maintain: 0
2022/06/09-23:08:58.695559 7f96ff96af80            Options.bottommost_compression_opts.window_bits: -14
2022/06/09-23:08:58.695559 7f96ff96af80                  Options.bottommost_compression_opts.level: 32767
2022/06/09-23:08:58.695560 7f96ff96af80               Options.bottommost_compression_opts.strategy: 0
2022/06/09-23:08:58.695562 7f96ff96af80         Options.bottommost_compression_opts.max_dict_bytes: 0
2022/06/09-23:08:58.695563 7f96ff96af80         Options.bottommost_compression_opts.zstd_max_train_bytes: 0
2022/06/09-23:08:58.695563 7f96ff96af80         Options.bottommost_compression_opts.parallel_threads: 1
2022/06/09-23:08:58.695564 7f96ff96af80                  Options.bottommost_compression_opts.enabled: false
2022/06/09-23:08:58.695565 7f96ff96af80            Options.compression_opts.window_bits: -14
2022/06/09-23:08:58.695566 7f96ff96af80                  Options.compression_opts.level: 32767
2022/06/09-23:08:58.695567 7f96ff96af80               Options.compression_opts.strategy: 0
2022/06/09-23:08:58.695567 7f96ff96af80         Options.compression_opts.max_dict_bytes: 0
2022/06/09-23:08:58.695568 7f96ff96af80         Options.compression_opts.zstd_max_train_bytes: 0
2022/06/09-23:08:58.695568 7f96ff96af80         Options.compression_opts.parallel_threads: 1
2022/06/09-23:08:58.695570 7f96ff96af80                  Options.compression_opts.enabled: false
2022/06/09-23:08:58.695571 7f96ff96af80      Options.level0_file_num_compaction_trigger: 4
2022/06/09-23:08:58.695571 7f96ff96af80          Options.level0_slowdown_writes_trigger: 20
2022/06/09-23:08:58.695572 7f96ff96af80              Options.level0_stop_writes_trigger: 36
2022/06/09-23:08:58.695573 7f96ff96af80                   Options.target_file_size_base: 67108864
2022/06/09-23:08:58.695574 7f96ff96af80             Options.target_file_size_multiplier: 1
2022/06/09-23:08:58.695575 7f96ff96af80                Options.max_bytes_for_level_base: 268435456
2022/06/09-23:08:58.695576 7f96ff96af80 Options.level_compaction_dynamic_level_bytes: 0
2022/06/09-23:08:58.695576 7f96ff96af80          Options.max_bytes_for_level_multiplier: 10.000000
2022/06/09-23:08:58.695579 7f96ff96af80 Options.max_bytes_for_level_multiplier_addtl[0]: 1
2022/06/09-23:08:58.695579 7f96ff96af80 Options.max_bytes_for_level_multiplier_addtl[1]: 1
2022/06/09-23:08:58.695580 7f96ff96af80 Options.max_bytes_for_level_multiplier_addtl[2]: 1
2022/06/09-23:08:58.695581 7f96ff96af80 Options.max_bytes_for_level_multiplier_addtl[3]: 1
2022/06/09-23:08:58.695581 7f96ff96af80 Options.max_bytes_for_level_multiplier_addtl[4]: 1
2022/06/09-23:08:58.695582 7f96ff96af80 Options.max_bytes_for_level_multiplier_addtl[5]: 1
2022/06/09-23:08:58.695584 7f96ff96af80 Options.max_bytes_for_level_multiplier_addtl[6]: 1
2022/06/09-23:08:58.695584 7f96ff96af80       Options.max_sequential_skip_in_iterations: 8
2022/06/09-23:08:58.695585 7f96ff96af80                    Options.max_compaction_bytes: 1677721600
2022/06/09-23:08:58.695585 7f96ff96af80                        Options.arena_block_size: 8388608
2022/06/09-23:08:58.695586 7f96ff96af80   Options.soft_pending_compaction_bytes_limit: 68719476736
2022/06/09-23:08:58.695588 7f96ff96af80   Options.hard_pending_compaction_bytes_limit: 274877906944
2022/06/09-23:08:58.695589 7f96ff96af80       Options.rate_limit_delay_max_milliseconds: 100
2022/06/09-23:08:58.695589 7f96ff96af80                Options.disable_auto_compactions: 1
2022/06/09-23:08:58.695590 7f96ff96af80                        Options.compaction_style: kCompactionStyleLevel
2022/06/09-23:08:58.695591 7f96ff96af80                          Options.compaction_pri: kMinOverlappingRatio
2022/06/09-23:08:58.695592 7f96ff96af80 Options.compaction_options_universal.size_ratio: 1
2022/06/09-23:08:58.695593 7f96ff96af80 Options.compaction_options_universal.min_merge_width: 2
2022/06/09-23:08:58.695594 7f96ff96af80 Options.compaction_options_universal.max_merge_width: 4294967295
2022/06/09-23:08:58.695601 7f96ff96af80 Options.compaction_options_universal.max_size_amplification_percent: 200
2022/06/09-23:08:58.695602 7f96ff96af80 Options.compaction_options_universal.compression_size_percent: -1
2022/06/09-23:08:58.695603 7f96ff96af80 Options.compaction_options_universal.stop_style: kCompactionStopStyleTotalSize
2022/06/09-23:08:58.695604 7f96ff96af80 Options.compaction_options_fifo.max_table_files_size: 1073741824
2022/06/09-23:08:58.695605 7f96ff96af80 Options.compaction_options_fifo.allow_compaction: 0
2022/06/09-23:08:58.695607 7f96ff96af80                   Options.table_properties_collectors: 
2022/06/09-23:08:58.695607 7f96ff96af80                   Options.inplace_update_support: 0
2022/06/09-23:08:58.695609 7f96ff96af80                 Options.inplace_update_num_locks: 10000
2022/06/09-23:08:58.695610 7f96ff96af80               Options.memtable_prefix_bloom_size_ratio: 0.000000
2022/06/09-23:08:58.695611 7f96ff96af80               Options.memtable_whole_key_filtering: 0
2022/06/09-23:08:58.695611 7f96ff96af80   Options.memtable_huge_page_size: 0
2022/06/09-23:08:58.695612 7f96ff96af80                           Options.bloom_locality: 0
2022/06/09-23:08:58.695612 7f96ff96af80                    Options.max_successive_merges: 0
2022/06/09-23:08:58.695614 7f96ff96af80                Options.optimize_filters_for_hits: 0
2022/06/09-23:08:58.695615 7f96ff96af80                Options.paranoid_file_checks: 0
2022/06/09-23:08:58.695615 7f96ff96af80                Options.force_consistency_checks: 0
2022/06/09-23:08:58.695616 7f96ff96af80                Options.report_bg_io_stats: 0
2022/06/09-23:08:58.695616 7f96ff96af80                               Options.ttl: 2592000
2022/06/09-23:08:58.695617 7f96ff96af80          Options.periodic_compaction_seconds: 2592000
2022/06/09-23:08:58.695642 7f96ff96af80 [db/column_family.cc:578] --------------- Options for column family [NZ]:
2022/06/09-23:08:58.695645 7f96ff96af80               Options.comparator: leveldb.BytewiseComparator
2022/06/09-23:08:58.695645 7f96ff96af80           Options.merge_operator: None
2022/06/09-23:08:58.695646 7f96ff96af80        Options.compaction_filter: filter_outdated
2022/06/09-23:08:58.695646 7f96ff96af80        Options.compaction_filter_factory: None
2022/06/09-23:08:58.695648 7f96ff96af80  Options.sst_partitioner_factory: None
2022/06/09-23:08:58.695649 7f96ff96af80         Options.memtable_factory: SkipListFactory
2022/06/09-23:08:58.695650 7f96ff96af80            Options.table_factory: BlockBasedTable
2022/06/09-23:08:58.695663 7f96ff96af80            table_factory options:   flush_block_policy_factory: FlushBlockBySizePolicyFactory (0x7f96ff4474f0)
  cache_index_and_filter_blocks: 0
  cache_index_and_filter_blocks_with_high_priority: 1
  pin_l0_filter_and_index_blocks_in_cache: 0
  pin_top_level_index_and_filter: 1
  index_type: 0
  data_block_index_type: 0
  index_shortening: 1
  data_block_hash_table_util_ratio: 0.750000
  hash_index_allow_collision: 1
  checksum: 1
  no_block_cache: 0
  block_cache: 0x7f96ff49a810
  block_cache_name: LRUCache
  block_cache_options:
    capacity : 8388608
    num_shard_bits : 4
    strict_capacity_limit : 0
    memory_allocator : None
    high_pri_pool_ratio: 0.000
  block_cache_compressed: (nil)
  persistent_cache: (nil)
  block_size: 4096
  block_size_deviation: 10
  block_restart_interval: 16
  index_block_restart_interval: 1
  metadata_block_size: 4096
  partition_filters: 0
  use_delta_encoding: 1
  filter_policy: nullptr
  whole_key_filtering: 1
  verify_compression: 0
  read_amp_bytes_per_bit: 0
  format_version: 4
  enable_index_compression: 1
  block_align: 0
2022/06/09-23:08:58.695666 7f96ff96af80        Options.write_buffer_size: 67108864
2022/06/09-23:08:58.695666 7f96ff96af80  Options.max_write_buffer_number: 2
2022/06/09-23:08:58.695667 7f96ff96af80          Options.compression: NoCompression
2022/06/09-23:08:58.695668 7f96ff96af80                  Options.bottommost_compression: Disabled
2022/06/09-23:08:58.695668 7f96ff96af80       Options.prefix_extractor: nullptr
2022/06/09-23:08:58.695679 7f96ff96af80   Options.memtable_insert_with_hint_prefix_extractor: nullptr
2022/06/09-23:08:58.695680 7f96ff96af80             Options.num_levels: 7
2022/06/09-23:08:58.695680 7f96ff96af80        Options.min_write_buffer_number_to_merge: 1
2022/06/09-23:08:58.695681 7f96ff96af80     Options.max_write_buffer_number_to_maintain: 0
2022/06/09-23:08:58.695683 7f96ff96af80     Options.max_write_buffer_size_to_maintain: 0
2022/06/09-23:08:58.695684 7f96ff96af80            Options.bottommost_compression_opts.window_bits: -14
2022/06/09-23:08:58.695684 7f96ff96af80                  Options.bottommost_compression_opts.level: 32767
2022/06/09-23:08:58.695685 7f96ff96af80               Options.bottommost_compression_opts.strategy: 0
2022/06/09-23:08:58.695685 7f96ff96af80         Options.bottommost_compression_opts.max_dict_bytes: 0
2022/06/09-23:08:58.695687 7f96ff96af80         Options.bottommost_compression_opts.zstd_max_train_bytes: 0
2022/06/09-23:08:58.695688 7f96ff96af80         Options.bottommost_compression_opts.parallel_threads: 1
2022/06/09-23:08:58.695688 7f96ff96af80                  Options.bottommost_compression_opts.enabled: false
2022/06/09-23:08:58.695689 7f96ff96af80            Options.compression_opts.window_bits: -14
2022/06/09-23:08:58.695691 7f96ff96af80                  Options.compression_opts.level: 32767
2022/06/09-23:08:58.695692 7f96ff96af80               Options.compression_opts.strategy: 0
2022/06/09-23:08:58.695692 7f96ff96af80         Options.compression_opts.max_dict_bytes: 0
2022/06/09-23:08:58.695693 7f96ff96af80         Options.compression_opts.zstd_max_train_bytes: 0
2022/06/09-23:08:58.695693 7f96ff96af80         Options.compression_opts.parallel_threads: 1
2022/06/09-23:08:58.695694 7f96ff96af80                  Options.compression_opts.enabled: false
2022/06/09-23:08:58.695696 7f96ff96af80      Options.level0_file_num_compaction_trigger: 4
2022/06/09-23:08:58.695696 7f96ff96af80          Options.level0_slowdown_writes_trigger: 20
2022/06/09-23:08:58.695697 7f96ff96af80              Options.level0_stop_writes_trigger: 36
2022/06/09-23:08:58.695697 7f96ff96af80                   Options.target_file_size_base: 67108864
2022/06/09-23:08:58.695698 7f96ff96af80             Options.target_file_size_multiplier: 1
2022/06/09-23:08:58.695698 7f96ff96af80                Options.max_bytes_for_level_base: 268435456
2022/06/09-23:08:58.695700 7f96ff96af80 Options.level_compaction_dynamic_level_bytes: 0
2022/06/09-23:08:58.695701 7f96ff96af80          Options.max_bytes_for_level_multiplier: 10.000000
2022/06/09-23:08:58.695702 7f96ff96af80 Options.max_bytes_for_level_multiplier_addtl[0]: 1
2022/06/09-23:08:58.695703 7f96ff96af80 Options.max_bytes_for_level_multiplier_addtl[1]: 1
2022/06/09-23:08:58.695703 7f96ff96af80 Options.max_bytes_for_level_multiplier_addtl[2]: 1
2022/06/09-23:08:58.695717 7f96ff96af80 Options.max_bytes_for_level_multiplier_addtl[3]: 1
