2022/06/09-23:08:58.952639 7f96ff96af80 RocksDB version: 6.12.7
2022/06/09-23:08:58.952759 7f96ff96af80 Git sha rocksdb_build_git_sha:@0@
2022/06/09-23:08:58.952762 7f96ff96af80 Compile date Jan  1 1980
2022/06/09-23:08:58.952794 7f96ff96af80 DB SUMMARY
2022/06/09-23:08:58.952795 7f96ff96af80 DB Session ID:  19R0NTEYAH99NMGJIUU9
2022/06/09-23:08:58.952819 7f96ff96af80 CURRENT file:  CURRENT
2022/06/09-23:08:58.952820 7f96ff96af80 IDENTITY file:  IDENTITY
2022/06/09-23:08:58.952822 7f96ff96af80 MANIFEST file:  MANIFEST-000020 size: 1724 Bytes
2022/06/09-23:08:58.952824 7f96ff96af80 SST files in /home/hoangkha/Motoko-Training/.dfx/state/replicated_state/node-100/ic_consensus_pool/certification dir, Total Num: 2, files: 000028.sst 000031.sst 
2022/06/09-23:08:58.952825 7f96ff96af80 Write Ahead Log file in /home/hoangkha/Motoko-Training/.dfx/state/replicated_state/node-100/ic_consensus_pool/certification: 000026.log size: 221 ; 000029.log size: 2003051 ; 
2022/06/09-23:08:58.952826 7f96ff96af80                         Options.error_if_exists: 0
2022/06/09-23:08:58.952827 7f96ff96af80                       Options.create_if_missing: 1
2022/06/09-23:08:58.952828 7f96ff96af80                         Options.paranoid_checks: 1
2022/06/09-23:08:58.952829 7f96ff96af80                                     Options.env: 0x55ba8807c8e0
2022/06/09-23:08:58.952830 7f96ff96af80                                      Options.fs: Posix File System
2022/06/09-23:08:58.952831 7f96ff96af80                                Options.info_log: 0x7f96fb9d7960
2022/06/09-23:08:58.952831 7f96ff96af80                Options.max_file_opening_threads: 16
2022/06/09-23:08:58.952832 7f96ff96af80                              Options.statistics: (nil)
2022/06/09-23:08:58.952833 7f96ff96af80                               Options.use_fsync: 1
2022/06/09-23:08:58.952834 7f96ff96af80                       Options.max_log_file_size: 0
2022/06/09-23:08:58.952835 7f96ff96af80                  Options.max_manifest_file_size: 1073741824
2022/06/09-23:08:58.952836 7f96ff96af80                   Options.log_file_time_to_roll: 0
2022/06/09-23:08:58.952836 7f96ff96af80                       Options.keep_log_file_num: 1000
2022/06/09-23:08:58.952837 7f96ff96af80                    Options.recycle_log_file_num: 0
2022/06/09-23:08:58.952838 7f96ff96af80                         Options.allow_fallocate: 1
2022/06/09-23:08:58.952838 7f96ff96af80                        Options.allow_mmap_reads: 0
2022/06/09-23:08:58.952839 7f96ff96af80                       Options.allow_mmap_writes: 0
2022/06/09-23:08:58.952840 7f96ff96af80                        Options.use_direct_reads: 0
2022/06/09-23:08:58.952841 7f96ff96af80                        Options.use_direct_io_for_flush_and_compaction: 0
2022/06/09-23:08:58.952841 7f96ff96af80          Options.create_missing_column_families: 1
2022/06/09-23:08:58.952842 7f96ff96af80                              Options.db_log_dir: 
2022/06/09-23:08:58.952843 7f96ff96af80                                 Options.wal_dir: /home/hoangkha/Motoko-Training/.dfx/state/replicated_state/node-100/ic_consensus_pool/certification
2022/06/09-23:08:58.952844 7f96ff96af80                Options.table_cache_numshardbits: 6
2022/06/09-23:08:58.952844 7f96ff96af80                         Options.WAL_ttl_seconds: 0
2022/06/09-23:08:58.952845 7f96ff96af80                       Options.WAL_size_limit_MB: 0
2022/06/09-23:08:58.952846 7f96ff96af80                        Options.max_write_batch_group_size_bytes: 1048576
2022/06/09-23:08:58.952847 7f96ff96af80             Options.manifest_preallocation_size: 4194304
2022/06/09-23:08:58.952847 7f96ff96af80                     Options.is_fd_close_on_exec: 1
2022/06/09-23:08:58.952848 7f96ff96af80                   Options.advise_random_on_open: 1
2022/06/09-23:08:58.952849 7f96ff96af80                    Options.db_write_buffer_size: 0
2022/06/09-23:08:58.952850 7f96ff96af80                    Options.write_buffer_manager: 0x7f96ff5bf430
2022/06/09-23:08:58.952850 7f96ff96af80         Options.access_hint_on_compaction_start: 1
2022/06/09-23:08:58.952851 7f96ff96af80  Options.new_table_reader_for_compaction_inputs: 0
2022/06/09-23:08:58.952860 7f96ff96af80           Options.random_access_max_buffer_size: 1048576
2022/06/09-23:08:58.952861 7f96ff96af80                      Options.use_adaptive_mutex: 0
2022/06/09-23:08:58.952861 7f96ff96af80                            Options.rate_limiter: (nil)
2022/06/09-23:08:58.952862 7f96ff96af80     Options.sst_file_manager.rate_bytes_per_sec: 0
2022/06/09-23:08:58.952863 7f96ff96af80                       Options.wal_recovery_mode: 2
2022/06/09-23:08:58.952864 7f96ff96af80                  Options.enable_thread_tracking: 0
2022/06/09-23:08:58.952864 7f96ff96af80                  Options.enable_pipelined_write: 0
2022/06/09-23:08:58.952865 7f96ff96af80                  Options.unordered_write: 0
2022/06/09-23:08:58.952866 7f96ff96af80         Options.allow_concurrent_memtable_write: 1
2022/06/09-23:08:58.952866 7f96ff96af80      Options.enable_write_thread_adaptive_yield: 1
2022/06/09-23:08:58.952867 7f96ff96af80             Options.write_thread_max_yield_usec: 100
2022/06/09-23:08:58.952868 7f96ff96af80            Options.write_thread_slow_yield_usec: 3
2022/06/09-23:08:58.952869 7f96ff96af80                               Options.row_cache: None
2022/06/09-23:08:58.952869 7f96ff96af80                              Options.wal_filter: None
2022/06/09-23:08:58.952870 7f96ff96af80             Options.avoid_flush_during_recovery: 0
2022/06/09-23:08:58.952871 7f96ff96af80             Options.allow_ingest_behind: 0
2022/06/09-23:08:58.952872 7f96ff96af80             Options.preserve_deletes: 0
2022/06/09-23:08:58.952872 7f96ff96af80             Options.two_write_queues: 0
2022/06/09-23:08:58.952873 7f96ff96af80             Options.manual_wal_flush: 0
2022/06/09-23:08:58.952874 7f96ff96af80             Options.atomic_flush: 0
2022/06/09-23:08:58.952874 7f96ff96af80             Options.avoid_unnecessary_blocking_io: 0
2022/06/09-23:08:58.952875 7f96ff96af80                 Options.persist_stats_to_disk: 0
2022/06/09-23:08:58.952876 7f96ff96af80                 Options.write_dbid_to_manifest: 0
2022/06/09-23:08:58.952877 7f96ff96af80                 Options.log_readahead_size: 0
2022/06/09-23:08:58.952877 7f96ff96af80                 Options.file_checksum_gen_factory: Unknown
2022/06/09-23:08:58.952878 7f96ff96af80                 Options.best_efforts_recovery: 0
2022/06/09-23:08:58.952879 7f96ff96af80                Options.max_bgerror_resume_count: 2147483647
2022/06/09-23:08:58.952880 7f96ff96af80            Options.bgerror_resume_retry_interval: 1000000
2022/06/09-23:08:58.952880 7f96ff96af80             Options.max_background_jobs: 2
2022/06/09-23:08:58.952881 7f96ff96af80             Options.max_background_compactions: -1
2022/06/09-23:08:58.952882 7f96ff96af80             Options.max_subcompactions: 1
2022/06/09-23:08:58.952883 7f96ff96af80             Options.avoid_flush_during_shutdown: 0
2022/06/09-23:08:58.952883 7f96ff96af80           Options.writable_file_max_buffer_size: 1048576
2022/06/09-23:08:58.952884 7f96ff96af80             Options.delayed_write_rate : 16777216
2022/06/09-23:08:58.952885 7f96ff96af80             Options.max_total_wal_size: 0
2022/06/09-23:08:58.952886 7f96ff96af80             Options.delete_obsolete_files_period_micros: 21600000000
2022/06/09-23:08:58.952886 7f96ff96af80                   Options.stats_dump_period_sec: 600
2022/06/09-23:08:58.952887 7f96ff96af80                 Options.stats_persist_period_sec: 600
2022/06/09-23:08:58.952888 7f96ff96af80                 Options.stats_history_buffer_size: 1048576
2022/06/09-23:08:58.952889 7f96ff96af80                          Options.max_open_files: -1
2022/06/09-23:08:58.952889 7f96ff96af80                          Options.bytes_per_sync: 0
2022/06/09-23:08:58.952890 7f96ff96af80                      Options.wal_bytes_per_sync: 0
2022/06/09-23:08:58.952891 7f96ff96af80                   Options.strict_bytes_per_sync: 0
2022/06/09-23:08:58.952892 7f96ff96af80       Options.compaction_readahead_size: 0
2022/06/09-23:08:58.952892 7f96ff96af80                  Options.max_background_flushes: -1
2022/06/09-23:08:58.952897 7f96ff96af80 Compression algorithms supported:
2022/06/09-23:08:58.952898 7f96ff96af80 	kZSTDNotFinalCompression supported: 1
2022/06/09-23:08:58.952899 7f96ff96af80 	kZSTD supported: 1
2022/06/09-23:08:58.952900 7f96ff96af80 	kXpressCompression supported: 0
2022/06/09-23:08:58.952901 7f96ff96af80 	kLZ4HCCompression supported: 1
2022/06/09-23:08:58.952902 7f96ff96af80 	kLZ4Compression supported: 1
2022/06/09-23:08:58.952902 7f96ff96af80 	kBZip2Compression supported: 1
2022/06/09-23:08:58.952903 7f96ff96af80 	kZlibCompression supported: 1
2022/06/09-23:08:58.952904 7f96ff96af80 	kSnappyCompression supported: 1
2022/06/09-23:08:58.952907 7f96ff96af80 Fast CRC32 supported: Supported on x86
2022/06/09-23:08:58.952981 7f96ff96af80 [db/version_set.cc:4559] Recovering from manifest file: /home/hoangkha/Motoko-Training/.dfx/state/replicated_state/node-100/ic_consensus_pool/certification/MANIFEST-000020
2022/06/09-23:08:58.953045 7f96ff96af80 [db/column_family.cc:578] --------------- Options for column family [default]:
2022/06/09-23:08:58.953047 7f96ff96af80               Options.comparator: leveldb.BytewiseComparator
2022/06/09-23:08:58.953068 7f96ff96af80           Options.merge_operator: None
2022/06/09-23:08:58.953071 7f96ff96af80        Options.compaction_filter: None
2022/06/09-23:08:58.953072 7f96ff96af80        Options.compaction_filter_factory: None
2022/06/09-23:08:58.953072 7f96ff96af80  Options.sst_partitioner_factory: None
2022/06/09-23:08:58.953073 7f96ff96af80         Options.memtable_factory: SkipListFactory
2022/06/09-23:08:58.953074 7f96ff96af80            Options.table_factory: BlockBasedTable
2022/06/09-23:08:58.953092 7f96ff96af80            table_factory options:   flush_block_policy_factory: FlushBlockBySizePolicyFactory (0x7f96ff5fe2c8)
  cache_index_and_filter_blocks: 0
  cache_index_and_filter_blocks_with_high_priority: 1
  pin_l0_filter_and_index_blocks_in_cache: 0
  pin_top_level_index_and_filter: 1
  index_type: 0
  data_block_index_type: 0
  index_shortening: 1
  data_block_hash_table_util_ratio: 0.750000
  hash_index_allow_collision: 1
  checksum: 1
  no_block_cache: 0
  block_cache: 0x7f96fb9bcf10
  block_cache_name: LRUCache
  block_cache_options:
    capacity : 8388608
    num_shard_bits : 4
    strict_capacity_limit : 0
    memory_allocator : None
    high_pri_pool_ratio: 0.000
  block_cache_compressed: (nil)
  persistent_cache: (nil)
  block_size: 4096
  block_size_deviation: 10
  block_restart_interval: 16
  index_block_restart_interval: 1
  metadata_block_size: 4096
  partition_filters: 0
  use_delta_encoding: 1
  filter_policy: nullptr
  whole_key_filtering: 1
  verify_compression: 0
  read_amp_bytes_per_bit: 0
  format_version: 4
  enable_index_compression: 1
  block_align: 0
2022/06/09-23:08:58.953094 7f96ff96af80        Options.write_buffer_size: 67108864
2022/06/09-23:08:58.953095 7f96ff96af80  Options.max_write_buffer_number: 2
2022/06/09-23:08:58.953096 7f96ff96af80          Options.compression: Snappy
2022/06/09-23:08:58.953097 7f96ff96af80                  Options.bottommost_compression: Disabled
2022/06/09-23:08:58.953098 7f96ff96af80       Options.prefix_extractor: nullptr
2022/06/09-23:08:58.953098 7f96ff96af80   Options.memtable_insert_with_hint_prefix_extractor: nullptr
2022/06/09-23:08:58.953099 7f96ff96af80             Options.num_levels: 7
2022/06/09-23:08:58.953100 7f96ff96af80        Options.min_write_buffer_number_to_merge: 1
2022/06/09-23:08:58.953100 7f96ff96af80     Options.max_write_buffer_number_to_maintain: 0
2022/06/09-23:08:58.953101 7f96ff96af80     Options.max_write_buffer_size_to_maintain: 0
2022/06/09-23:08:58.953102 7f96ff96af80            Options.bottommost_compression_opts.window_bits: -14
2022/06/09-23:08:58.953103 7f96ff96af80                  Options.bottommost_compression_opts.level: 32767
2022/06/09-23:08:58.953104 7f96ff96af80               Options.bottommost_compression_opts.strategy: 0
2022/06/09-23:08:58.953104 7f96ff96af80         Options.bottommost_compression_opts.max_dict_bytes: 0
2022/06/09-23:08:58.953105 7f96ff96af80         Options.bottommost_compression_opts.zstd_max_train_bytes: 0
2022/06/09-23:08:58.953115 7f96ff96af80         Options.bottommost_compression_opts.parallel_threads: 1
2022/06/09-23:08:58.953116 7f96ff96af80                  Options.bottommost_compression_opts.enabled: false
2022/06/09-23:08:58.953116 7f96ff96af80            Options.compression_opts.window_bits: -14
2022/06/09-23:08:58.953117 7f96ff96af80                  Options.compression_opts.level: 32767
2022/06/09-23:08:58.953118 7f96ff96af80               Options.compression_opts.strategy: 0
2022/06/09-23:08:58.953119 7f96ff96af80         Options.compression_opts.max_dict_bytes: 0
2022/06/09-23:08:58.953119 7f96ff96af80         Options.compression_opts.zstd_max_train_bytes: 0
2022/06/09-23:08:58.953120 7f96ff96af80         Options.compression_opts.parallel_threads: 1
2022/06/09-23:08:58.953121 7f96ff96af80                  Options.compression_opts.enabled: false
2022/06/09-23:08:58.953122 7f96ff96af80      Options.level0_file_num_compaction_trigger: 4
2022/06/09-23:08:58.953122 7f96ff96af80          Options.level0_slowdown_writes_trigger: 20
2022/06/09-23:08:58.953123 7f96ff96af80              Options.level0_stop_writes_trigger: 36
2022/06/09-23:08:58.953124 7f96ff96af80                   Options.target_file_size_base: 67108864
2022/06/09-23:08:58.953124 7f96ff96af80             Options.target_file_size_multiplier: 1
2022/06/09-23:08:58.953125 7f96ff96af80                Options.max_bytes_for_level_base: 268435456
2022/06/09-23:08:58.953126 7f96ff96af80 Options.level_compaction_dynamic_level_bytes: 0
2022/06/09-23:08:58.953127 7f96ff96af80          Options.max_bytes_for_level_multiplier: 10.000000
2022/06/09-23:08:58.953129 7f96ff96af80 Options.max_bytes_for_level_multiplier_addtl[0]: 1
2022/06/09-23:08:58.953129 7f96ff96af80 Options.max_bytes_for_level_multiplier_addtl[1]: 1
2022/06/09-23:08:58.953130 7f96ff96af80 Options.max_bytes_for_level_multiplier_addtl[2]: 1
2022/06/09-23:08:58.953131 7f96ff96af80 Options.max_bytes_for_level_multiplier_addtl[3]: 1
2022/06/09-23:08:58.953132 7f96ff96af80 Options.max_bytes_for_level_multiplier_addtl[4]: 1
2022/06/09-23:08:58.953132 7f96ff96af80 Options.max_bytes_for_level_multiplier_addtl[5]: 1
2022/06/09-23:08:58.953133 7f96ff96af80 Options.max_bytes_for_level_multiplier_addtl[6]: 1
2022/06/09-23:08:58.953134 7f96ff96af80       Options.max_sequential_skip_in_iterations: 8
2022/06/09-23:08:58.953135 7f96ff96af80                    Options.max_compaction_bytes: 1677721600
2022/06/09-23:08:58.953135 7f96ff96af80                        Options.arena_block_size: 8388608
2022/06/09-23:08:58.953136 7f96ff96af80   Options.soft_pending_compaction_bytes_limit: 68719476736
2022/06/09-23:08:58.953137 7f96ff96af80   Options.hard_pending_compaction_bytes_limit: 274877906944
2022/06/09-23:08:58.953138 7f96ff96af80       Options.rate_limit_delay_max_milliseconds: 100
2022/06/09-23:08:58.953139 7f96ff96af80                Options.disable_auto_compactions: 0
2022/06/09-23:08:58.953140 7f96ff96af80                        Options.compaction_style: kCompactionStyleLevel
2022/06/09-23:08:58.953141 7f96ff96af80                          Options.compaction_pri: kMinOverlappingRatio
2022/06/09-23:08:58.953141 7f96ff96af80 Options.compaction_options_universal.size_ratio: 1
2022/06/09-23:08:58.953142 7f96ff96af80 Options.compaction_options_universal.min_merge_width: 2
2022/06/09-23:08:58.953143 7f96ff96af80 Options.compaction_options_universal.max_merge_width: 4294967295
2022/06/09-23:08:58.953144 7f96ff96af80 Options.compaction_options_universal.max_size_amplification_percent: 200
2022/06/09-23:08:58.953144 7f96ff96af80 Options.compaction_options_universal.compression_size_percent: -1
2022/06/09-23:08:58.953145 7f96ff96af80 Options.compaction_options_universal.stop_style: kCompactionStopStyleTotalSize
2022/06/09-23:08:58.953146 7f96ff96af80 Options.compaction_options_fifo.max_table_files_size: 1073741824
2022/06/09-23:08:58.953147 7f96ff96af80 Options.compaction_options_fifo.allow_compaction: 0
2022/06/09-23:08:58.953150 7f96ff96af80                   Options.table_properties_collectors: 
2022/06/09-23:08:58.953155 7f96ff96af80                   Options.inplace_update_support: 0
2022/06/09-23:08:58.953156 7f96ff96af80                 Options.inplace_update_num_locks: 10000
2022/06/09-23:08:58.953157 7f96ff96af80               Options.memtable_prefix_bloom_size_ratio: 0.000000
2022/06/09-23:08:58.953158 7f96ff96af80               Options.memtable_whole_key_filtering: 0
2022/06/09-23:08:58.953158 7f96ff96af80   Options.memtable_huge_page_size: 0
2022/06/09-23:08:58.953159 7f96ff96af80                           Options.bloom_locality: 0
2022/06/09-23:08:58.953160 7f96ff96af80                    Options.max_successive_merges: 0
2022/06/09-23:08:58.953161 7f96ff96af80                Options.optimize_filters_for_hits: 0
2022/06/09-23:08:58.953161 7f96ff96af80                Options.paranoid_file_checks: 0
2022/06/09-23:08:58.953162 7f96ff96af80                Options.force_consistency_checks: 0
2022/06/09-23:08:58.953163 7f96ff96af80                Options.report_bg_io_stats: 0
2022/06/09-23:08:58.953163 7f96ff96af80                               Options.ttl: 2592000
2022/06/09-23:08:58.953164 7f96ff96af80          Options.periodic_compaction_seconds: 0
2022/06/09-23:08:58.953245 7f96ff96af80 [db/column_family.cc:578] --------------- Options for column family [CE]:
2022/06/09-23:08:58.953248 7f96ff96af80               Options.comparator: leveldb.BytewiseComparator
2022/06/09-23:08:58.953250 7f96ff96af80           Options.merge_operator: None
2022/06/09-23:08:58.953251 7f96ff96af80        Options.compaction_filter: filter_outdated
2022/06/09-23:08:58.953252 7f96ff96af80        Options.compaction_filter_factory: None
2022/06/09-23:08:58.953253 7f96ff96af80  Options.sst_partitioner_factory: None
2022/06/09-23:08:58.953253 7f96ff96af80         Options.memtable_factory: SkipListFactory
2022/06/09-23:08:58.953254 7f96ff96af80            Options.table_factory: BlockBasedTable
2022/06/09-23:08:58.953268 7f96ff96af80            table_factory options:   flush_block_policy_factory: FlushBlockBySizePolicyFactory (0x7f96ff5fe290)
  cache_index_and_filter_blocks: 0
  cache_index_and_filter_blocks_with_high_priority: 1
  pin_l0_filter_and_index_blocks_in_cache: 0
  pin_top_level_index_and_filter: 1
  index_type: 0
  data_block_index_type: 0
  index_shortening: 1
  data_block_hash_table_util_ratio: 0.750000
  hash_index_allow_collision: 1
  checksum: 1
  no_block_cache: 0
  block_cache: 0x7f96faea1c10
  block_cache_name: LRUCache
  block_cache_options:
    capacity : 8388608
    num_shard_bits : 4
    strict_capacity_limit : 0
    memory_allocator : None
    high_pri_pool_ratio: 0.000
  block_cache_compressed: (nil)
  persistent_cache: (nil)
  block_size: 4096
  block_size_deviation: 10
  block_restart_interval: 16
  index_block_restart_interval: 1
  metadata_block_size: 4096
  partition_filters: 0
  use_delta_encoding: 1
  filter_policy: nullptr
  whole_key_filtering: 1
  verify_compression: 0
  read_amp_bytes_per_bit: 0
  format_version: 4
  enable_index_compression: 1
  block_align: 0
2022/06/09-23:08:58.953270 7f96ff96af80        Options.write_buffer_size: 67108864
2022/06/09-23:08:58.953270 7f96ff96af80  Options.max_write_buffer_number: 2
2022/06/09-23:08:58.953271 7f96ff96af80          Options.compression: NoCompression
2022/06/09-23:08:58.953272 7f96ff96af80                  Options.bottommost_compression: Disabled
2022/06/09-23:08:58.953273 7f96ff96af80       Options.prefix_extractor: nullptr
2022/06/09-23:08:58.953273 7f96ff96af80   Options.memtable_insert_with_hint_prefix_extractor: nullptr
2022/06/09-23:08:58.953274 7f96ff96af80             Options.num_levels: 7
2022/06/09-23:08:58.953275 7f96ff96af80        Options.min_write_buffer_number_to_merge: 1
2022/06/09-23:08:58.953276 7f96ff96af80     Options.max_write_buffer_number_to_maintain: 0
2022/06/09-23:08:58.953276 7f96ff96af80     Options.max_write_buffer_size_to_maintain: 0
2022/06/09-23:08:58.953277 7f96ff96af80            Options.bottommost_compression_opts.window_bits: -14
2022/06/09-23:08:58.953278 7f96ff96af80                  Options.bottommost_compression_opts.level: 32767
2022/06/09-23:08:58.953699 7f96ff96af80               Options.bottommost_compression_opts.strategy: 0
2022/06/09-23:08:58.953705 7f96ff96af80         Options.bottommost_compression_opts.max_dict_bytes: 0
2022/06/09-23:08:58.953706 7f96ff96af80         Options.bottommost_compression_opts.zstd_max_train_bytes: 0
2022/06/09-23:08:58.953707 7f96ff96af80         Options.bottommost_compression_opts.parallel_threads: 1
2022/06/09-23:08:58.953708 7f96ff96af80                  Options.bottommost_compression_opts.enabled: false
2022/06/09-23:08:58.953709 7f96ff96af80            Options.compression_opts.window_bits: -14
2022/06/09-23:08:58.953710 7f96ff96af80                  Options.compression_opts.level: 32767
2022/06/09-23:08:58.953711 7f96ff96af80               Options.compression_opts.strategy: 0
2022/06/09-23:08:58.953711 7f96ff96af80         Options.compression_opts.max_dict_bytes: 0
2022/06/09-23:08:58.953712 7f96ff96af80         Options.compression_opts.zstd_max_train_bytes: 0
2022/06/09-23:08:58.953713 7f96ff96af80         Options.compression_opts.parallel_threads: 1
2022/06/09-23:08:58.953713 7f96ff96af80                  Options.compression_opts.enabled: false
2022/06/09-23:08:58.953714 7f96ff96af80      Options.level0_file_num_compaction_trigger: 4
2022/06/09-23:08:58.953715 7f96ff96af80          Options.level0_slowdown_writes_trigger: 20
2022/06/09-23:08:58.953716 7f96ff96af80              Options.level0_stop_writes_trigger: 36
2022/06/09-23:08:58.953716 7f96ff96af80                   Options.target_file_size_base: 67108864
2022/06/09-23:08:58.953717 7f96ff96af80             Options.target_file_size_multiplier: 1
2022/06/09-23:08:58.953718 7f96ff96af80                Options.max_bytes_for_level_base: 268435456
2022/06/09-23:08:58.953719 7f96ff96af80 Options.level_compaction_dynamic_level_bytes: 0
2022/06/09-23:08:58.953720 7f96ff96af80          Options.max_bytes_for_level_multiplier: 10.000000
2022/06/09-23:08:58.953723 7f96ff96af80 Options.max_bytes_for_level_multiplier_addtl[0]: 1
2022/06/09-23:08:58.953724 7f96ff96af80 Options.max_bytes_for_level_multiplier_addtl[1]: 1
2022/06/09-23:08:58.953724 7f96ff96af80 Options.max_bytes_for_level_multiplier_addtl[2]: 1
2022/06/09-23:08:58.953725 7f96ff96af80 Options.max_bytes_for_level_multiplier_addtl[3]: 1
2022/06/09-23:08:58.953726 7f96ff96af80 Options.max_bytes_for_level_multiplier_addtl[4]: 1
2022/06/09-23:08:58.953727 7f96ff96af80 Options.max_bytes_for_level_multiplier_addtl[5]: 1
2022/06/09-23:08:58.953727 7f96ff96af80 Options.max_bytes_for_level_multiplier_addtl[6]: 1
2022/06/09-23:08:58.953728 7f96ff96af80       Options.max_sequential_skip_in_iterations: 8
2022/06/09-23:08:58.953729 7f96ff96af80                    Options.max_compaction_bytes: 1677721600
2022/06/09-23:08:58.953730 7f96ff96af80                        Options.arena_block_size: 8388608
2022/06/09-23:08:58.953730 7f96ff96af80   Options.soft_pending_compaction_bytes_limit: 68719476736
2022/06/09-23:08:58.953731 7f96ff96af80   Options.hard_pending_compaction_bytes_limit: 274877906944
2022/06/09-23:08:58.953732 7f96ff96af80       Options.rate_limit_delay_max_milliseconds: 100
2022/06/09-23:08:58.953733 7f96ff96af80                Options.disable_auto_compactions: 1
2022/06/09-23:08:58.953735 7f96ff96af80                        Options.compaction_style: kCompactionStyleLevel
2022/06/09-23:08:58.953736 7f96ff96af80                          Options.compaction_pri: kMinOverlappingRatio
2022/06/09-23:08:58.953736 7f96ff96af80 Options.compaction_options_universal.size_ratio: 1
2022/06/09-23:08:58.953737 7f96ff96af80 Options.compaction_options_universal.min_merge_width: 2
2022/06/09-23:08:58.953738 7f96ff96af80 Options.compaction_options_universal.max_merge_width: 4294967295
2022/06/09-23:08:58.953739 7f96ff96af80 Options.compaction_options_universal.max_size_amplification_percent: 200
2022/06/09-23:08:58.953739 7f96ff96af80 Options.compaction_options_universal.compression_size_percent: -1
2022/06/09-23:08:58.953740 7f96ff96af80 Options.compaction_options_universal.stop_style: kCompactionStopStyleTotalSize
2022/06/09-23:08:58.953845 7f96ff96af80 Options.compaction_options_fifo.max_table_files_size: 1073741824
2022/06/09-23:08:58.953848 7f96ff96af80 Options.compaction_options_fifo.allow_compaction: 0
2022/06/09-23:08:58.953852 7f96ff96af80                   Options.table_properties_collectors: 
2022/06/09-23:08:58.953853 7f96ff96af80                   Options.inplace_update_support: 0
2022/06/09-23:08:58.953854 7f96ff96af80                 Options.inplace_update_num_locks: 10000
2022/06/09-23:08:58.953854 7f96ff96af80               Options.memtable_prefix_bloom_size_ratio: 0.000000
2022/06/09-23:08:58.953856 7f96ff96af80               Options.memtable_whole_key_filtering: 0
2022/06/09-23:08:58.953857 7f96ff96af80   Options.memtable_huge_page_size: 0
2022/06/09-23:08:58.953858 7f96ff96af80                           Options.bloom_locality: 0
2022/06/09-23:08:58.953859 7f96ff96af80                    Options.max_successive_merges: 0
2022/06/09-23:08:58.953859 7f96ff96af80                Options.optimize_filters_for_hits: 0
2022/06/09-23:08:58.953860 7f96ff96af80                Options.paranoid_file_checks: 0
2022/06/09-23:08:58.953861 7f96ff96af80                Options.force_consistency_checks: 0
2022/06/09-23:08:58.953862 7f96ff96af80                Options.report_bg_io_stats: 0
2022/06/09-23:08:58.953862 7f96ff96af80                               Options.ttl: 2592000
2022/06/09-23:08:58.953863 7f96ff96af80          Options.periodic_compaction_seconds: 2592000
2022/06/09-23:08:58.953905 7f96ff96af80 [db/column_family.cc:578] --------------- Options for column family [CES]:
2022/06/09-23:08:58.953907 7f96ff96af80               Options.comparator: leveldb.BytewiseComparator
2022/06/09-23:08:58.953908 7f96ff96af80           Options.merge_operator: None
2022/06/09-23:08:58.953910 7f96ff96af80        Options.compaction_filter: filter_outdated
2022/06/09-23:08:58.953911 7f96ff96af80        Options.compaction_filter_factory: None
2022/06/09-23:08:58.953912 7f96ff96af80  Options.sst_partitioner_factory: None
2022/06/09-23:08:58.953912 7f96ff96af80         Options.memtable_factory: SkipListFactory
2022/06/09-23:08:58.953913 7f96ff96af80            Options.table_factory: BlockBasedTable
2022/06/09-23:08:58.953930 7f96ff96af80            table_factory options:   flush_block_policy_factory: FlushBlockBySizePolicyFactory (0x7f96ff5fe2a8)
  cache_index_and_filter_blocks: 0
  cache_index_and_filter_blocks_with_high_priority: 1
  pin_l0_filter_and_index_blocks_in_cache: 0
  pin_top_level_index_and_filter: 1
  index_type: 0
  data_block_index_type: 0
  index_shortening: 1
  data_block_hash_table_util_ratio: 0.750000
  hash_index_allow_collision: 1
  checksum: 1
  no_block_cache: 0
  block_cache: 0x7f96fb9c1890
  block_cache_name: LRUCache
  block_cache_options:
    capacity : 8388608
    num_shard_bits : 4
    strict_capacity_limit : 0
    memory_allocator : None
    high_pri_pool_ratio: 0.000
  block_cache_compressed: (nil)
  persistent_cache: (nil)
  block_size: 4096
  block_size_deviation: 10
  block_restart_interval: 16
  index_block_restart_interval: 1
  metadata_block_size: 4096
  partition_filters: 0
  use_delta_encoding: 1
  filter_policy: nullptr
  whole_key_filtering: 1
  verify_compression: 0
  read_amp_bytes_per_bit: 0
  format_version: 4
  enable_index_compression: 1
  block_align: 0
2022/06/09-23:08:58.953933 7f96ff96af80        Options.write_buffer_size: 67108864
2022/06/09-23:08:58.953934 7f96ff96af80  Options.max_write_buffer_number: 2
2022/06/09-23:08:58.953935 7f96ff96af80          Options.compression: NoCompression
2022/06/09-23:08:58.953936 7f96ff96af80                  Options.bottommost_compression: Disabled
2022/06/09-23:08:58.953936 7f96ff96af80       Options.prefix_extractor: nullptr
2022/06/09-23:08:58.953937 7f96ff96af80   Options.memtable_insert_with_hint_prefix_extractor: nullptr
2022/06/09-23:08:58.953938 7f96ff96af80             Options.num_levels: 7
2022/06/09-23:08:58.953939 7f96ff96af80        Options.min_write_buffer_number_to_merge: 1
2022/06/09-23:08:58.953939 7f96ff96af80     Options.max_write_buffer_number_to_maintain: 0
2022/06/09-23:08:58.953974 7f96ff96af80     Options.max_write_buffer_size_to_maintain: 0
2022/06/09-23:08:58.953977 7f96ff96af80            Options.bottommost_compression_opts.window_bits: -14
2022/06/09-23:08:58.953978 7f96ff96af80                  Options.bottommost_compression_opts.level: 32767
2022/06/09-23:08:58.953979 7f96ff96af80               Options.bottommost_compression_opts.strategy: 0
2022/06/09-23:08:58.953980 7f96ff96af80         Options.bottommost_compression_opts.max_dict_bytes: 0
2022/06/09-23:08:58.953981 7f96ff96af80         Options.bottommost_compression_opts.zstd_max_train_bytes: 0
2022/06/09-23:08:58.953981 7f96ff96af80         Options.bottommost_compression_opts.parallel_threads: 1
2022/06/09-23:08:58.953982 7f96ff96af80                  Options.bottommost_compression_opts.enabled: false
2022/06/09-23:08:58.953983 7f96ff96af80            Options.compression_opts.window_bits: -14
2022/06/09-23:08:58.953984 7f96ff96af80                  Options.compression_opts.level: 32767
2022/06/09-23:08:58.953984 7f96ff96af80               Options.compression_opts.strategy: 0
2022/06/09-23:08:58.953985 7f96ff96af80         Options.compression_opts.max_dict_bytes: 0
2022/06/09-23:08:58.953986 7f96ff96af80         Options.compression_opts.zstd_max_train_bytes: 0
2022/06/09-23:08:58.953987 7f96ff96af80         Options.compression_opts.parallel_threads: 1
2022/06/09-23:08:58.953987 7f96ff96af80                  Options.compression_opts.enabled: false
2022/06/09-23:08:58.953988 7f96ff96af80      Options.level0_file_num_compaction_trigger: 4
2022/06/09-23:08:58.953989 7f96ff96af80          Options.level0_slowdown_writes_trigger: 20
2022/06/09-23:08:58.953990 7f96ff96af80              Options.level0_stop_writes_trigger: 36
2022/06/09-23:08:58.953990 7f96ff96af80                   Options.target_file_size_base: 67108864
2022/06/09-23:08:58.953991 7f96ff96af80             Options.target_file_size_multiplier: 1
2022/06/09-23:08:58.953992 7f96ff96af80                Options.max_bytes_for_level_base: 268435456
2022/06/09-23:08:58.953992 7f96ff96af80 Options.level_compaction_dynamic_level_bytes: 0
2022/06/09-23:08:58.953993 7f96ff96af80          Options.max_bytes_for_level_multiplier: 10.000000
2022/06/09-23:08:58.953995 7f96ff96af80 Options.max_bytes_for_level_multiplier_addtl[0]: 1
2022/06/09-23:08:58.953996 7f96ff96af80 Options.max_bytes_for_level_multiplier_addtl[1]: 1
2022/06/09-23:08:58.953997 7f96ff96af80 Options.max_bytes_for_level_multiplier_addtl[2]: 1
2022/06/09-23:08:58.953998 7f96ff96af80 Options.max_bytes_for_level_multiplier_addtl[3]: 1
2022/06/09-23:08:58.953999 7f96ff96af80 Options.max_bytes_for_level_multiplier_addtl[4]: 1
2022/06/09-23:08:58.953999 7f96ff96af80 Options.max_bytes_for_level_multiplier_addtl[5]: 1
2022/06/09-23:08:58.954000 7f96ff96af80 Options.max_bytes_for_level_multiplier_addtl[6]: 1
2022/06/09-23:08:58.954001 7f96ff96af80       Options.max_sequential_skip_in_iterations: 8
2022/06/09-23:08:58.954001 7f96ff96af80                    Options.max_compaction_bytes: 1677721600
2022/06/09-23:08:58.954002 7f96ff96af80                        Options.arena_block_size: 8388608
2022/06/09-23:08:58.954003 7f96ff96af80   Options.soft_pending_compaction_bytes_limit: 68719476736
2022/06/09-23:08:58.954004 7f96ff96af80   Options.hard_pending_compaction_bytes_limit: 274877906944
2022/06/09-23:08:58.954005 7f96ff96af80       Options.rate_limit_delay_max_milliseconds: 100
2022/06/09-23:08:58.954005 7f96ff96af80                Options.disable_auto_compactions: 1
2022/06/09-23:08:58.954006 7f96ff96af80                        Options.compaction_style: kCompactionStyleLevel
2022/06/09-23:08:58.954007 7f96ff96af80                          Options.compaction_pri: kMinOverlappingRatio
2022/06/09-23:08:58.954008 7f96ff96af80 Options.compaction_options_universal.size_ratio: 1
2022/06/09-23:08:58.954009 7f96ff96af80 Options.compaction_options_universal.min_merge_width: 2
2022/06/09-23:08:58.954009 7f96ff96af80 Options.compaction_options_universal.max_merge_width: 4294967295
2022/06/09-23:08:58.954038 7f96ff96af80 Options.compaction_options_universal.max_size_amplification_percent: 200
2022/06/09-23:08:58.954041 7f96ff96af80 Options.compaction_options_universal.compression_size_percent: -1
2022/06/09-23:08:58.954042 7f96ff96af80 Options.compaction_options_universal.stop_style: kCompactionStopStyleTotalSize
2022/06/09-23:08:58.954043 7f96ff96af80 Options.compaction_options_fifo.max_table_files_size: 1073741824
2022/06/09-23:08:58.954044 7f96ff96af80 Options.compaction_options_fifo.allow_compaction: 0
2022/06/09-23:08:58.954046 7f96ff96af80                   Options.table_properties_collectors: 
2022/06/09-23:08:58.954047 7f96ff96af80                   Options.inplace_update_support: 0
2022/06/09-23:08:58.954048 7f96ff96af80                 Options.inplace_update_num_locks: 10000
2022/06/09-23:08:58.954048 7f96ff96af80               Options.memtable_prefix_bloom_size_ratio: 0.000000
2022/06/09-23:08:58.954050 7f96ff96af80               Options.memtable_whole_key_filtering: 0
2022/06/09-23:08:58.954051 7f96ff96af80   Options.memtable_huge_page_size: 0
2022/06/09-23:08:58.954052 7f96ff96af80                           Options.bloom_locality: 0
2022/06/09-23:08:58.954052 7f96ff96af80                    Options.max_successive_merges: 0
2022/06/09-23:08:58.954053 7f96ff96af80                Options.optimize_filters_for_hits: 0
2022/06/09-23:08:58.954054 7f96ff96af80                Options.paranoid_file_checks: 0
2022/06/09-23:08:58.954055 7f96ff96af80                Options.force_consistency_checks: 0
2022/06/09-23:08:58.954055 7f96ff96af80                Options.report_bg_io_stats: 0
2022/06/09-23:08:58.954056 7f96ff96af80                               Options.ttl: 2592000
2022/06/09-23:08:58.954057 7f96ff96af80          Options.periodic_compaction_seconds: 2592000
2022/06/09-23:08:58.956620 7f96ff96af80 [db/version_set.cc:4708] Recovered from manifest file:/home/hoangkha/Motoko-Training/.dfx/state/replicated_state/node-100/ic_consensus_pool/certification/MANIFEST-000020 succeeded,manifest_file_number is 20, next_file_number is 33, last_sequence is 13004, log_number is 29,prev_log_number is 0,max_column_family is 2,min_log_number_to_keep is 0
2022/06/09-23:08:58.956626 7f96ff96af80 [db/version_set.cc:4724] Column family [default] (ID 0), log number is 15
2022/06/09-23:08:58.956628 7f96ff96af80 [db/version_set.cc:4724] Column family [CE] (ID 1), log number is 26
2022/06/09-23:08:58.956629 7f96ff96af80 [db/version_set.cc:4724] Column family [CES] (ID 2), log number is 29
2022/06/09-23:08:58.956768 7f96ff96af80 EVENT_LOG_v1 {"time_micros": 1654790938956764, "job": 1, "event": "recovery_started", "log_files": [26, 29]}
2022/06/09-23:08:58.956771 7f96ff96af80 [db/db_impl/db_impl_open.cc:821] Recovering log #26 mode 2
2022/06/09-23:08:58.956871 7f96ff96af80 [db/db_impl/db_impl_open.cc:821] Recovering log #29 mode 2
2022/06/09-23:08:58.978015 7f96ff96af80 EVENT_LOG_v1 {"time_micros": 1654790938977993, "cf_name": "CE", "job": 1, "event": "table_file_creation", "file_number": 33, "file_size": 962472, "table_properties": {"data_size": 957127, "index_size": 4519, "index_partitions": 0, "top_level_index_size": 0, "index_key_is_user_key": 1, "index_value_is_delta_encoded": 1, "filter_size": 0, "raw_key_size": 225696, "raw_average_key_size": 48, "raw_value_size": 738214, "raw_average_value_size": 157, "num_data_blocks": 236, "num_entries": 4702, "num_deletions": 0, "num_merge_operands": 0, "num_range_deletions": 0, "format_version": 0, "fixed_key_len": 0, "filter_policy": "", "column_family_name": "CE", "column_family_id": 1, "comparator": "leveldb.BytewiseComparator", "merge_operator": "nullptr", "prefix_extractor_name": "nullptr", "property_collectors": "[]", "compression": "NoCompression", "compression_options": "window_bits=-14; level=32767; strategy=0; max_dict_bytes=0; zstd_max_train_bytes=0; enabled=0; ", "creation_time": 1654790938, "oldest_key_time": 0, "file_creation_time": 0, "db_id": "79863e11-24e3-4455-a8d3-ff6fe9be1f01", "db_session_id": "19R0NTEYAH99NMGJIUU9"}}
2022/06/09-23:08:58.985615 7f96ff96af80 EVENT_LOG_v1 {"time_micros": 1654790938985580, "cf_name": "CES", "job": 1, "event": "table_file_creation", "file_number": 34, "file_size": 886463, "table_properties": {"data_size": 881346, "index_size": 4290, "index_partitions": 0, "top_level_index_size": 0, "index_key_is_user_key": 1, "index_value_is_delta_encoded": 1, "filter_size": 0, "raw_key_size": 225648, "raw_average_key_size": 48, "raw_value_size": 662841, "raw_average_value_size": 141, "num_data_blocks": 224, "num_entries": 4701, "num_deletions": 0, "num_merge_operands": 0, "num_range_deletions": 0, "format_version": 0, "fixed_key_len": 0, "filter_policy": "", "column_family_name": "CES", "column_family_id": 2, "comparator": "leveldb.BytewiseComparator", "merge_operator": "nullptr", "prefix_extractor_name": "nullptr", "property_collectors": "[]", "compression": "NoCompression", "compression_options": "window_bits=-14; level=32767; strategy=0; max_dict_bytes=0; zstd_max_train_bytes=0; enabled=0; ", "creation_time": 1654790938, "oldest_key_time": 0, "file_creation_time": 0, "db_id": "79863e11-24e3-4455-a8d3-ff6fe9be1f01", "db_session_id": "19R0NTEYAH99NMGJIUU9"}}
2022/06/09-23:08:58.985715 7f96ff96af80 [db/version_set.cc:3949] Creating manifest 35
2022/06/09-23:08:58.996054 7f96ff96af80 EVENT_LOG_v1 {"time_micros": 1654790938996050, "job": 1, "event": "recovery_finished"}
2022/06/09-23:08:58.996711 7f96ff96af80 [file/delete_scheduler.cc:69] Deleted file /home/hoangkha/Motoko-Training/.dfx/state/replicated_state/node-100/ic_consensus_pool/certification/000029.log immediately, rate_bytes_per_sec 0, total_trash_size 0 max_trash_db_ratio 0.250000
2022/06/09-23:08:58.996796 7f96ff96af80 [file/delete_scheduler.cc:69] Deleted file /home/hoangkha/Motoko-Training/.dfx/state/replicated_state/node-100/ic_consensus_pool/certification/000026.log immediately, rate_bytes_per_sec 0, total_trash_size 0 max_trash_db_ratio 0.250000
2022/06/09-23:08:59.003250 7f96ff96af80 [db/db_impl/db_impl_open.cc:1638] SstFileManager instance 0x7f96ff524800
2022/06/09-23:08:59.003283 7f96ff96af80 DB pointer 0x7f96fb9df000
2022/06/09-23:08:59.211735 7f96e09e9700 [db/db_impl/db_impl_compaction_flush.cc:1523] [CE] Manual compaction starting
2022/06/09-23:08:59.216820 7f96ee9fc700 (Original Log Time 2022/06/09-23:08:59.212613) [db/db_impl/db_impl_compaction_flush.cc:2592] [CE] Manual compaction from level-0 to level-1 from '00000000000000000000000000000000000000000000000000000000000000000000000000000000' seq:72057594037927935, type:20 .. '0000000000002BC00000000000000000000000000000000000000000000000000000000000000000' seq:0, type:0; will stop at (end)
2022/06/09-23:08:59.217317 7f96ee9fc700 [db/compaction/compaction_job.cc:1759] [CE] [JOB 3] Compacting 1@0 files to L1, score -1.00
2022/06/09-23:08:59.217338 7f96ee9fc700 [db/compaction/compaction_job.cc:1765] [CE] Compaction start summary: Base version 7 Base level 0, inputs: [33(939KB)]
